x: 2.280755506982939
y: 0.7174694461298016
z: 0.0
